7.658989425729398337e-02
-1.158749112577772966e-01
-1.468735613460794953e+00

4.415774760915050501e-01
-6.830172628710512450e-01
-1.296558400366549568e+00

2.376663181232189503e-01
-3.902770532403771475e-01
-8.432098701225108073e-01

5.882342058079331748e-01
-6.884977999527945869e-01
-1.354857274683577639e+00

-3.915150960740192976e-01
4.198908359857803640e-01
-1.377826765237888385e+00

-6.417328871432212978e-01
7.997991725319426592e-01
-1.125163542176792264e+00

-3.564066715994745338e-01
4.943195658453662933e-01
-1.157008022159989880e+00

-1.716050235330814910e-01
3.922746511856573526e-01
-7.833301188963214257e-01

-3.188167886468162848e-01
3.077366376957487160e-01
-1.507491322534660005e+00

3.648643687159593973e-01
8.554360938134806247e-01
-1.463981817080740822e+00

-3.749517974207345894e-01
-3.142003821566236588e-01
-1.316647228127536540e+00

-6.916712380973933927e-01
-5.189190394800192729e-01
-1.388118980477512476e+00

-1.612231621127910020e-01
-8.344735011510096001e-01
-1.548228321805113383e+00

-4.833150955109063451e-01
1.117760429672978451e-01
-1.532256945469377518e+00

3.051525730955497728e-01
-3.744500031496812431e-01
-1.467109634914809613e+00

6.125043206046263400e-01
-8.305107381301126690e-01
-1.238676107278283922e+00

8.780529018856696455e-01
-7.711213797286743388e-01
-1.628953113411258480e+00

