1.555073124031391529e+00
2.895542879113280677e+00
2.924537513069731531e+01

-6.101213388831913775e+00
3.072141104179289872e+00
1.668322095066271515e+01

-1.714636010835102420e+00
-3.129223835428828204e-01
2.005643445785021584e+01

-4.437872405336463544e+00
3.369304586172576332e+00
3.181503937467766363e+01

8.568108068846886916e-01
1.844434660445963603e+00
2.081661535322736967e+01

8.143633367336087225e-01
6.126453936538237555e-01
2.102957350359790212e+01

9.455103054130338691e+00
-2.103829019991172888e+00
3.424306846529486847e+01

1.776319756013259532e+00
-1.212990974534010835e+00
3.510083418539654332e+01

-5.483874403876080050e-01
2.021362476259773278e+00
4.060889422902073420e+01

-1.904852395972629342e+00
-6.179916245038157285e+00
3.898480039904890049e+01

-6.818783108987465091e+00
4.864324628461712763e+00
2.821338006634069728e+01

1.739089570168911858e-01
4.729802305433009835e+00
2.167699569421517580e+01

6.116183779285995215e+00
4.699299965416313896e+00
2.169735530036216886e+01

1.035270103593664004e+01
-2.858575996389284057e+00
3.403395786257596711e+01

-1.424566979152517199e+01
6.786657975468023629e+00
3.534635858703815359e+01

-1.593902382466512080e+01
-5.381378981823975671e+00
3.829492235040784465e+01

-7.645265697199327803e+00
5.113176916788526150e+00
1.995504463346700774e+01

