3.098134316562246138e+00
1.934291166920792671e-01
1.611233024365733968e+01

4.623432980722750330e+00
-7.570121279503954526e+00
2.289728797509826563e+01

-2.102851026381890254e+00
-5.784141901933585572e+00
2.463914321874192837e+01

7.281111591434368258e+00
-2.625293127390693648e+00
2.430994747087177643e+01

4.206528204264404991e+00
-7.160092506151681135e+00
2.479856463304276559e+01

6.290232389244131639e+00
-1.058023162247781590e+00
2.536809766836485736e+01

1.269328376269535674e+01
8.965797284222849495e-01
2.317092128572790344e+01

-9.741843733218100709e-01
-4.313161256829824985e+00
1.844621047393460600e+01

5.971759086570311403e+00
-3.005203774141017803e+00
2.659723446656485280e+01

5.275258285766379451e+00
-5.213463997263488636e+00
1.869928226173296082e+01

