-2.360659312673135390e-01
6.721066074268715607e-01
2.459284538793552244e+00

-3.258979876118370256e-02
-1.752802491429994100e-02
9.054821022856853752e-01

-3.657250411368268700e-02
-2.311526730177820930e-03
3.637748419018624335e-01

-3.717734414585625868e-02
8.663524316280764304e-03
1.401160761311579295e+00

-4.587527712690849663e-02
1.278267420817557915e-03
1.312333066666458992e+00

-4.082473538892173459e-01
-2.304180331518791702e-01
1.997471248781460762e+00

-3.060388346413914218e-01
7.648299026227844966e-02
1.830152109455048359e+00

-4.620927861890088834e-02
7.699721326024682594e-03
1.235479587973937976e+00

-3.555811584820824101e-02
-4.537426637519282810e-03
1.492750480550528724e+00

-2.107084718163225179e-01
1.285770118089278047e-01
1.233286477018694427e+00

